latitude,longitude,altitude,elevation,category,accuracy
43.9695148,-99.9018131,0,,normal,50
43.9695148,-99.9018131,0,,normal,50
43.9695148,-99.9018131,0,,normal,50
43.9695148,-99.9018131,0,,normal,50
43.9695148,-99.9018131,0,,normal,50
43.9695148,-99.9018131,0,,normal,50
43.9695148,-99.9018131,0,,normal,50
43.9695148,-99.9018131,0,,normal,50
43.9695148,-99.9018131,0,,normal,50
43.9695148,-99.9018131,0,,normal,50
43.9695148,-99.9018131,0,,normal,50
43.9695148,-99.9018131,0,,normal,50
43.9695148,-99.9018131,0,,normal,50
43.9695148,-99.9018131,0,,normal,50
43.9695148,-99.9018131,0,,normal,50
